6212030865
6402352745
725566736
6435637391
1097234204
5190762232
603973481
5438715993
5585904334
5994088704
5899112803
5881035803
5572917438
6134673586
6158014709
1952399815
5374444493
222075062
6056602856
5543537764
6131574827
6402637718
6488870867
1468225879
6627319756
1262764192
6685505179
6340033918
1538508460
2086351369
799813938
5254108441
6412677147
5183108337
5718353641
434561579
6403536046
6687582145
6005753350
6542547972
400730214
1668408222
5328170404
1568959386
1579877980
6576430537
5938605456
5233330377
795821740
1059134396
1118637228
1235958527
1312908838
5363052226
5473033663
485880062
5487098200
6471894880
5777483810
6219964060
6630360852
1296847865
1079553750
2086052255
5568321124
644854235
6530490344
6287987174
6106146583
5511113575
1241023129
5294375760
1288611087
5079320641
5503095369
5086374245
6101611875
5316136240
5155998099
5181167442
2110814515
6683158343
5654384259
725671866
6327345240
6552314671
5265138303
5825458537
6644223986
1804879718
761125211
2135943042
5063846885
1645849756
5003750057
6258642315
6483997310
6409349551
2026800037
5670858650
5524648126
5988641697
1170487748
5443656156
6615657797
1398245800
1762976623
1658396685
6696020020
6315338117
6546452321
5707596817
5340479983
1111663021
5538652873
6353783579
5946983445
5170094383
788359173
5869860931
311441728
5672204096
823309325
1611371968
5807080337
6107597778
693666267
831843472
605214053
930812491
829720115
6328196021
1296740649
6086879208
1118445663
5502785172
820745698
1488202012
387617510
388005026
5909564717
6525322836
207549246
1396561970
5167906791
6649812689
5813119626
6482208303
5955082052
5139973898
6561078889
5379600905
922324987
5801634140
5253461122
6396746624
2095065149
1992186654
1135267294
5649161212
6335564395
5993542237
1438398807
5067641244
6686560508
1464443839
2128558259
6180217026
1686096279
5432229251
6557435643
6548308125
6408511117
6426425785
6298170820
6067218983
6650802082
1090010723
1805440301
689385153
850266428
5408509493
734373820
5879578976
5085357467
5681879245
1687502606
6617364350
1814789568
5761784295
1097356818
1573313336
5855666288
1320962105
5841394157
2111467351
1806368498
5604552661
5594159667
6040289599
6435400119
5869980332
6646646161
6517410135
6439551378
6661801653
2094619582
5827523894
677152839
990732283
5009920747
6689609028
650895088
2081938709
6408027950
6454376857
6511757550
5008707844
5021268530
6687204273
6596644042
6338066534
6547956852
924025290
5411051315
1383721096
2122701650
5337181294
5653279331
6399097043
6407169541
1121879904
5228964850
6311590148
6642286821
6618912767
5422066305
5574634677
6862896242
848311944
6548260460
6303499855
5664002434
5830528223
6277653236
1873324865
642496227
5395933833
5577887821
5476727590
1620156480
1102402793
5774773582
6779757746
1806917537
1853766962
5352128507
6520304114
5805503477
5514645660
5136278496
6557012378
6910195900
5971618791
1976365544
5786319927
5123942011
2133061962
6366052718
6062363583
1780223509
1165355119
1185526094
5661329093
977102776
1379803534
5670153648
6153922820
1712240882
6614569355
943514618
5706417274
6089914114
1005824424
1627112827
5679673719
6551074261
1805411702
6054155843
516223645
1433356706
6362009283
5314119243
5516139047
6104419648
5916591633
587509881
1116635214
1209136783
5800435537
5430068393
6683605464
5000721507
6021174192
6191093806
5784152678
6284082808
6681200678
6186744718
5733983519
1944098147
5817054789
5113418505
6392271143
6014945232
1156222877
1680798166
5316221743
1561257983
6355674958
5225924867
1118407064
5684955065
2133091415
6575465178
745019768
6335809795
2108282359
992222043
1124317164
689100314
5862368869
5910319440
5974139838
6485376056
6734074194
856285435
6513879430
6623647218
5146882133
6278479352
5591341281
940252975
1506079510
576759399
6427124871
570667108
6622094543
1277099799
5652431218
1237456133
5216463718
6824891254
1864570532
5581558916
5544154489
5566795307
5430050361
683484141
1027323626
6601716016
6010376103
6440309127
6449820759
6885249488
1221785508
918683804
5991180488
1405516176
6398635854
5639215429
1653457840
5462106376
5524342634
6760995366
319431697
6200500060
2071726936
1669318594
6480931737
6134650655
6433262940
6045427700
1769260958
987437387
6211535346
5555394426
6295313851
1821038644
6474450802
1585395629
6097324705
491375402
5123302119
2108569496
5289999706
6476460515
886622114
1948259712
1980563030
481696485
6644499915
5230910789
5530237185
5195566966
5531190685
1947891800
6249563177
6133176611
5566006571
5441246481
5688376296
5360222025
5720311036
5243463226
127738916
5572358679
1587686005
5085961805
5928406788
1905031628
1104657670
6840138261
5708924848
1988063631
6132416107
5763128684
1867906793
800041266
6082063576
6338651710
5443773265
126075451
6018037865
5666601397
6006947032
5130013950
1942688091
6523484205
1364132523
50429758
5617771462
6303439865
1831005940
6081521473
227095191
6335306939
6089187876
6501391852
750667012
6574403084
6573866754
6694294252
6299824447
5605167707
5794535861
701584622
406134709
5944316938
5471006337
6486162281
1375879773
5934533209
6322844224
5041768885
6206044632
1830215743
5839167443
6657868944
6246222555
1911180507
6297520905
5209213549
1401658205
5077807676
5035260459
5553025865
6806606740
6087363061
2108685171
6212568292
6362137937
6664865078
1297053429
1331665646
6161571379
102046811
6247120236
5214095720
5758357118
1279752098
1710002557
1028671687
6188124236
6109314654
6591323112
944320353
6702537513
805356222
5529554173
1002301691
6648591936
6390780480
5685402402
6626660532
1087230983
6701853924
5978748909
2019260855
5634664061
6813389128
6664113993
5897845760
1902879847
